HEDERA_OPERATOR_ID=0.0.6255927
HEDERA_OPERATOR_KEY=3030020100300706052b8104000a04220420398637ba54e6311afdc8a2f1a2f1838834dc30ce2d1fec22cb2cddd6ca28fbde
AUDIT_TOPIC_ID=0.0.7462776
GRIDEF=0.8
